x y
0 0.000
0 -72943562.633
0 -146973520.614
0 -226520661.384
0 -249087001.989
0 -322733029.305
0 -345170667.699
0 -366622419.921
0 -395762708.489
0 -424624621.957
0 -445114875.029
0 -474247262.217
0 -494875127.772
0 -523589729.505
0 -543538244.227
0 -571279569.974
0 -599291936.581
0 -618908099.516
0 -647867150.186
0 -667130852.734
0 -695658551.123
0 -713637164.558
0 -740813449.393
0 -757383873.068
0 -781781962.119
0 -808189963.902
0 -834607840.789
0 -854504199.323
0 -877208378.953
0 -898921141.938
0 -920474216.442
0 -946947624.937
0 -973302064.063
0 -997881623.332
0 -1016523600.810
0 -1041777634.017
0 -1060689024.458
0 -1086843397.607
0 -1105670958.062
0 -1132810996.436
0 -1153366050.450
0 -1179281764.707
0 -1205813909.935
0 -1227544382.337
0 -1254067665.415
0 -1276423106.612
0 -1304313561.254
0 -1326443603.869
0 -1353569609.407
0 -1382561098.071
0 -1405931222.997
0 -1431067850.764
0 -1503662148.633
0 -1527960571.012
0 -1608183192.911
0 -1684201203.854
0 -1757532583.492
